   9.0000000e-01
   9.0000000e-01
   9.0000000e-01
   9.0000000e-01
   9.0000000e-01
   9.0000000e-01
   1.0961044e+00
   1.2037288e+00
   1.2627944e+00
   1.2952102e+00
   1.3130004e+00
   1.1383433e+00
   8.2046107e-01
   5.6827848e-01
   4.0097754e-01
   2.9652602e-01
   2.8313343e-01
   6.4969134e-01
   9.4540675e-01
   9.4279891e-01
   8.2372247e-01
   6.9824051e-01
   7.8951766e-01
   1.0430408e+00
   1.0926337e+00
   1.2124250e+00
   1.3019808e+00
   1.3357129e+00
   1.2464047e+00
   1.0080258e+00
   7.5938933e-01
   5.1385102e-01
   3.5338753e-01
   2.6590439e-01
   4.1702422e-01
   8.2562264e-01
   1.0029733e+00
   9.2879756e-01
   7.7677575e-01
   7.1478210e-01
   9.4751399e-01
   1.0418501e+00
   1.0671471e+00
   1.2173571e+00
   1.2957521e+00
   1.3362962e+00
   1.1317824e+00
   9.9533217e-01
   7.6004122e-01
   5.1578515e-01
   3.5027956e-01
   3.2687718e-01
   5.3291684e-01
   8.9049139e-01
   1.0389805e+00
   9.4839228e-01
   8.0655109e-01
   8.2675982e-01
   1.0555917e+00
   1.0274229e+00
   1.0124279e+00
   1.1776729e+00
   1.2975980e+00
   1.2350895e+00
   1.0134558e+00
   1.0075244e+00
   8.3621576e-01
   5.7131509e-01
   3.9561451e-01
   5.1497262e-01
   7.2060851e-01
   9.4240212e-01
   1.1126166e+00
   1.0275331e+00
   9.5232852e-01
   1.0899400e+00
   1.2260886e+00
   1.0167512e+00
   8.6992946e-01
   9.8066484e-01
   9.5782225e-01
   7.0335898e-01
   6.2773294e-01
   9.2420214e-01
   1.0775416e+00
   1.0510503e+00
   1.1989043e+00
   1.2155397e+00
   1.2869948e+00
   1.0975900e+00
   9.5143754e-01
   7.6029464e-01
   5.5391728e-01
   4.1117117e-01
   3.8372954e-01
   6.5540212e-01
   9.7588999e-01
   1.1010959e+00
   1.0326252e+00
   9.0320277e-01
   9.6276369e-01
   1.1340353e+00
   9.5403442e-01
   8.4299795e-01
   9.8137601e-01
   1.1252265e+00
   9.3842116e-01
   8.8161128e-01
   1.1035062e+00
   1.1953291e+00
   9.7403573e-01
   9.0274823e-01
   1.1227013e+00
   1.0552965e+00
   7.5681691e-01
   7.1800881e-01
   9.9920104e-01
   9.4595026e-01
   7.6226797e-01
   9.9386568e-01
   1.1548161e+00
   1.2203273e+00
   1.1031375e+00
   1.2391910e+00
   1.2800685e+00
   9.9524039e-01
   6.8395820e-01
   6.0266943e-01
   5.1052800e-01
   3.6902366e-01
   4.4644204e-01
   8.5718674e-01
   1.0227943e+00
   1.0696651e+00
   9.7421793e-01
   8.7158539e-01
   1.0566500e+00
   1.0893841e+00
   9.4050763e-01
   9.1895544e-01
   1.0955940e+00
   1.1195463e+00
   8.8846921e-01
   9.2103201e-01
   1.0980818e+00
   1.0325613e+00
   7.8177850e-01
   8.9917928e-01
   1.1143175e+00
   1.0178806e+00
   8.4636608e-01
   1.0512573e+00
   1.2196682e+00
   1.0619910e+00
   8.7598020e-01
   1.0668790e+00
   1.1180026e+00
   8.2066276e-01
   6.4545583e-01
   9.0575603e-01
   9.9543868e-01
   7.7783327e-01
   9.1956888e-01
   1.1086651e+00
   1.2320884e+00
   1.1347280e+00
   1.2251114e+00
   1.3108487e+00
   1.0927484e+00
   7.7799206e-01
   5.9129353e-01
   5.1191834e-01
   3.7198959e-01
   3.5385570e-01
   7.3710354e-01
   9.8201647e-01
   1.0401353e+00
   9.6241282e-01
   8.3290052e-01
   9.4049320e-01
   1.0963381e+00
   1.0086563e+00
   9.9069690e-01
   1.1505005e+00
   1.2596328e+00
   1.0453284e+00
   9.2604769e-01
   9.9132217e-01
   8.7033587e-01
   6.0913215e-01
   5.4078078e-01
   8.2026738e-01
   9.6598356e-01
   1.0610992e+00
   1.1962426e+00
   1.1405139e+00
   1.2203383e+00
   1.2394582e+00
   1.1266202e+00
   8.2446742e-01
   6.3601283e-01
   5.3508618e-01
   4.0405576e-01
   3.8487507e-01
   7.0170776e-01
   9.9558692e-01
   1.0729422e+00
   1.0015702e+00
   8.9292598e-01
   9.6008617e-01
   1.1053657e+00
   9.6581587e-01
   9.0310241e-01
   1.0448892e+00
   1.1712186e+00
   9.7229501e-01
   9.1979394e-01
   1.0897933e+00
   1.0964564e+00
   8.3903487e-01
   7.7735615e-01
   1.0129732e+00
   9.8212200e-01
   7.8532273e-01
   9.2948588e-01
   1.1532008e+00
   1.1971881e+00
   1.0572431e+00
   1.1934945e+00
   1.2910836e+00
   1.0490634e+00
   7.2067682e-01
   6.6894716e-01
   6.1650239e-01
   4.4391138e-01
   4.2422523e-01
   8.2390736e-01
   1.0425088e+00
   1.1589448e+00
   1.1051425e+00
   9.6907157e-01
   1.0857352e+00
   1.1067118e+00
   8.6122262e-01
   6.8750318e-01
   7.8162763e-01
   8.6950318e-01
   7.0925222e-01
   8.6630907e-01
   1.1074267e+00
   1.2296869e+00
   1.3054345e+00
   1.3557806e+00
   1.3785072e+00
   1.1743212e+00
   8.2477038e-01
   5.4403363e-01
   3.6120213e-01
   2.5081557e-01
   2.2486650e-01
   5.9202888e-01
   9.0335212e-01
   8.8995315e-01
   7.5559620e-01
   6.1492046e-01
   6.8690008e-01
   9.9914281e-01
   1.1352123e+00
   1.2658390e+00
   1.2891981e+00
   1.2616481e+00
   1.2770104e+00
   1.0158103e+00
   7.0262773e-01
   4.7008352e-01
   3.5671762e-01
   2.7987458e-01
   3.8357608e-01
   8.1371587e-01
   9.5289119e-01
   8.8395671e-01
   7.6705525e-01
   6.9620288e-01
   9.2498126e-01
   1.0806662e+00
   1.1664887e+00
   1.2846225e+00
   1.3271102e+00
   1.3576680e+00
   1.1360217e+00
   8.6906062e-01
   6.0088339e-01
   4.0235572e-01
   2.7998439e-01
   2.7161220e-01
   6.0995538e-01
   9.4578767e-01
   9.5534959e-01
   8.2282916e-01
   6.8293569e-01
   7.5972957e-01
   1.0258144e+00
   1.0655605e+00
   1.1904498e+00
   1.2849590e+00
   1.3145673e+00
   1.2649903e+00
   1.0552460e+00
   8.2041846e-01
   5.5916909e-01
   3.8769559e-01
   2.8442930e-01
   3.7828221e-01
   7.4716865e-01
   9.9627634e-01
   9.5983984e-01
   8.1843676e-01
   7.3109187e-01
   9.0401165e-01
   1.0564039e+00
   1.0468591e+00
   1.1812559e+00
   1.2891701e+00
   1.3464868e+00
   1.1508841e+00
   1.0056697e+00
   8.1347483e-01
   5.5893791e-01
   3.7498706e-01
   3.1892376e-01
   5.1825508e-01
   8.5516927e-01
   1.0549607e+00
   9.8649776e-01
   8.3462505e-01
   8.3056228e-01
   1.0490004e+00
   1.0325762e+00
   9.6009610e-01
   1.1172118e+00
   1.2642734e+00
   1.2275659e+00
   9.9461385e-01
   1.0409706e+00
   9.5981017e-01
   6.7732756e-01
   4.6486308e-01
   5.7287485e-01
   7.4995635e-01
   8.1824995e-01
   1.0699744e+00
   1.0792633e+00
   1.0331595e+00
   1.1713019e+00
   1.2899191e+00
   1.2045735e+00
   9.4449975e-01
   8.9741192e-01
   7.6934330e-01
   5.4081489e-01
   3.8903360e-01
   5.8358215e-01
   9.1441890e-01
   1.1364876e+00
   1.1921798e+00
   1.0545079e+00
   9.9200612e-01
   1.1619162e+00
   1.0160627e+00
   7.2066431e-01
   6.3979962e-01
   8.0782333e-01
   7.4671772e-01
   6.6845715e-01
   9.7220429e-01
   1.1118907e+00
   1.2341282e+00
   1.3263357e+00
   1.3232425e+00
   1.3325536e+00
   1.0727013e+00
   7.6873005e-01
   5.0788253e-01
   3.4402650e-01
   2.5085035e-01
   3.0281145e-01
   7.2602117e-01
   9.4742740e-01
   8.8932148e-01
   7.4923648e-01
   6.4010855e-01
   8.1559547e-01
   1.0475556e+00
   1.1406036e+00
   1.2692417e+00
   1.2952223e+00
   1.3206347e+00
   1.2156680e+00
   9.5490464e-01
   6.6479049e-01
   4.4796292e-01
   3.2571752e-01
   2.6399223e-01
   4.7216895e-01
   8.8041203e-01
   9.6538149e-01
   8.6935044e-01
   7.3110669e-01
   7.1151395e-01
   9.8317348e-01
   1.0708585e+00
   1.1627479e+00
   1.2826340e+00
   1.3170042e+00
   1.3266717e+00
   1.0937740e+00
   8.6019880e-01
   5.9568378e-01
   4.0411392e-01
   2.8401044e-01
   3.1762424e-01
   6.6765820e-01
   9.7493518e-01
   9.7010035e-01
   8.3313899e-01
   7.0940731e-01
   8.2732916e-01
   1.0467742e+00
   1.0427041e+00
   1.1657116e+00
   1.2782069e+00
   1.3357351e+00
   1.2151427e+00
   1.0419257e+00
   8.5187002e-01
   5.8893588e-01
   3.9911615e-01
   3.0149019e-01
   4.3420238e-01
   7.6284223e-01
   1.0232589e+00
   9.9280013e-01
   8.4502197e-01
   7.8370676e-01
   9.6266241e-01
   1.0634466e+00
   9.9245950e-01
   1.1212150e+00
   1.2653742e+00
   1.3128467e+00
   1.0733869e+00
   1.0156840e+00
   9.2125930e-01
   6.5390654e-01
   4.3518953e-01
   4.1729161e-01
   6.3657234e-01
   8.2461757e-01
   1.0779161e+00
   1.0647409e+00
   9.4128538e-01
   1.0014518e+00
   1.1747617e+00
   1.1191689e+00
   9.0528543e-01
   9.5963369e-01
   1.0526431e+00
   8.6692997e-01
   6.4464646e-01
   8.2223858e-01
   1.0362998e+00
   9.7035253e-01
   1.0239084e+00
   1.1793826e+00
   1.2607140e+00
   1.1990876e+00
   1.0805547e+00
   1.0980069e+00
   8.4532756e-01
   6.0076383e-01
   4.3571028e-01
   4.9992484e-01
   5.4752288e-01
   7.8693486e-01
   1.0399531e+00
   1.0180333e+00
   9.6996079e-01
   1.0125879e+00
   1.1250389e+00
   1.1298678e+00
   9.9325802e-01
   1.0282172e+00
   1.0302803e+00
   9.1043917e-01
   6.9026420e-01
   7.5532513e-01
   8.5672392e-01
   8.5188068e-01
   9.5140285e-01
   1.1540306e+00
   1.2481622e+00
   1.3304792e+00
   1.3690716e+00
   1.3590688e+00
   1.0710377e+00
   7.3529421e-01
   4.8440605e-01
   3.2261599e-01
   2.2678946e-01
   2.7260526e-01
   7.2614107e-01
   9.2541613e-01
   8.5899086e-01
   7.1061736e-01
   5.9334925e-01
   7.8266764e-01
   1.0433675e+00
   1.1707666e+00
   1.2848730e+00
   1.2722460e+00
   1.2806209e+00
   1.2181557e+00
   9.3115627e-01
   6.2939706e-01
   4.3147970e-01
   3.3818211e-01
   2.7777103e-01
   4.9442185e-01
   8.8919932e-01
   9.4717087e-01
   8.5934184e-01
   7.3983117e-01
   7.2851348e-01
   1.0015524e+00
   1.0957192e+00
   1.1961676e+00
   1.3028176e+00
   1.3360115e+00
   1.3222647e+00
   1.0605214e+00
   7.9685522e-01
   5.4175563e-01
   3.6572177e-01
   2.5865860e-01
   3.2795653e-01
   7.3619891e-01
   9.7809481e-01
   9.3171928e-01
   7.8345611e-01
   6.7317057e-01
   8.4921020e-01
   1.0430263e+00
   1.0797667e+00
   1.2212903e+00
   1.2887713e+00
   1.3341869e+00
   1.1995321e+00
   1.0091575e+00
   7.5878111e-01
   5.1437379e-01
   3.5783836e-01
   2.8720531e-01
   4.5368263e-01
   8.4220178e-01
   1.0108365e+00
   9.3658097e-01
   7.8992228e-01
   7.5446167e-01
   9.8475642e-01
   1.0462660e+00
   1.0569723e+00
   1.2075923e+00
   1.3036264e+00
   1.3220079e+00
   1.0918720e+00
   9.8163008e-01
   7.6732475e-01
   5.2111848e-01
   3.5089809e-01
   3.6315926e-01
   5.9970461e-01
   9.3097928e-01
   1.0668614e+00
   9.6494499e-01
   8.2962929e-01
   8.9197791e-01
   1.1039579e+00
   9.9742654e-01
   9.5751100e-01
   1.1356174e+00
   1.2644362e+00
   1.1161726e+00
   9.4915251e-01
   1.0524756e+00
   9.4148059e-01
   6.5618702e-01
   5.0117452e-01
   7.3750999e-01
   8.4712371e-01
   8.7707230e-01
   1.1037323e+00
   1.0978806e+00
   1.1463015e+00
   1.2738900e+00
   1.3428022e+00
   1.1613872e+00
   8.9084013e-01
   7.5962897e-01
   5.4989028e-01
   3.7385973e-01
   3.0380576e-01
   6.1844297e-01
   9.8347640e-01
   1.1116123e+00
   1.0142679e+00
   8.4384500e-01
   8.6274397e-01
   1.0705500e+00
   9.0305581e-01
   8.2193873e-01
   1.0186037e+00
   1.2078132e+00
   1.1104379e+00
   1.0684482e+00
   1.2296796e+00
   1.2418987e+00
   9.1867616e-01
   6.6942483e-01
   7.2637048e-01
   5.9774982e-01
   4.2874452e-01
   5.6487760e-01
   9.3377950e-01
   1.1241855e+00
   1.2096934e+00
   1.1124593e+00
   1.0205124e+00
   1.1695196e+00
   1.0180332e+00
   7.2491514e-01
   5.8451953e-01
   6.9353553e-01
   6.5471929e-01
   6.2001274e-01
   9.4239503e-01
   1.0771112e+00
   1.1539350e+00
   1.2461793e+00
   1.2280900e+00
   1.2866009e+00
   1.0943415e+00
   8.5916956e-01
   6.1225592e-01
   4.5365320e-01
   3.5120176e-01
   3.5720835e-01
   6.9439683e-01
   9.9515562e-01
   1.0102512e+00
   9.1345126e-01
   8.0136025e-01
   9.0562487e-01
   1.0743271e+00
   1.0059066e+00
   1.0657545e+00
   1.2215661e+00
   1.3125031e+00
   1.1176280e+00
   1.0014343e+00
   9.5660618e-01
   7.3392034e-01
   4.9416615e-01
   4.0684649e-01
   6.1479157e-01
   8.1104101e-01
   1.0649263e+00
   1.1170402e+00
   9.9379956e-01
   1.0049198e+00
   1.1732391e+00
   1.1580496e+00
   8.8640592e-01
   8.4531875e-01
   9.5187901e-01
   8.1315443e-01
   5.9483052e-01
   7.6785035e-01
   1.0662298e+00
   1.1678666e+00
   1.2337914e+00
   1.2714361e+00
   1.2713817e+00
   1.2130856e+00
   8.8586324e-01
   6.4640761e-01
   4.5045683e-01
   3.5242138e-01
   2.8689172e-01
   5.5505424e-01
   9.3072643e-01
   9.8896836e-01
   8.9619435e-01
   7.7065212e-01
   7.7419958e-01
   1.0338368e+00
   1.0458645e+00
   1.1182102e+00
   1.2556694e+00
   1.3273302e+00
   1.2716445e+00
   1.0581597e+00
   9.0094290e-01
   6.5321484e-01
   4.3926502e-01
   3.0818211e-01
   3.9403976e-01
   7.0165291e-01
   1.0129962e+00
   1.0318453e+00
   8.8943614e-01
   7.8667000e-01
   9.2440613e-01
   1.0757904e+00
   9.6076873e-01
   1.0423681e+00
   1.2180398e+00
   1.3039210e+00
   1.0922752e+00
   1.0336946e+00
   1.0451336e+00
   7.9399112e-01
   5.2946542e-01
   4.4691214e-01
   6.3647181e-01
   6.9639090e-01
   9.3408630e-01
   1.0787667e+00
   1.0032787e+00
   1.0459080e+00
   1.1713775e+00
   1.2701778e+00
   1.0736139e+00
   9.6501368e-01
   9.6346253e-01
   7.8298476e-01
   5.5383845e-01
   4.8708171e-01
   7.3129839e-01
   8.9854965e-01
   1.1014449e+00
   1.1821748e+00
   1.0890495e+00
   1.1432617e+00
   1.2646554e+00
   1.1347193e+00
   8.0922862e-01
   6.7468800e-01
   6.4952955e-01
   4.9248770e-01
   4.0259218e-01
   7.2942817e-01
   1.0196665e+00
   1.1532282e+00
   1.1426503e+00
   1.0112108e+00
   1.0446057e+00
   1.1312732e+00
   8.9910656e-01
   6.8452539e-01
   6.9894235e-01
   8.3732130e-01
   7.0088689e-01
   8.0627664e-01
   1.0750385e+00
   1.1824589e+00
   1.2927488e+00
   1.3498107e+00
   1.3632575e+00
   1.2329517e+00
   9.0080454e-01
   6.0924489e-01
   4.0004101e-01
   2.7661658e-01
   2.2127640e-01
   4.9310136e-01
   8.8461757e-01
   9.2413948e-01
   8.0193729e-01
   6.5351247e-01
   6.5347846e-01
   9.6256849e-01
   1.0951720e+00
   1.2273046e+00
   1.2948556e+00
   1.2700107e+00
   1.3065584e+00
   1.0857731e+00
   7.8777261e-01
   5.2560928e-01
   3.7873787e-01
   2.8825706e-01
   3.2279628e-01
   7.1828851e-01
   9.5582893e-01
   9.1773113e-01
   7.9934594e-01
   6.9531627e-01
   8.4579569e-01
   1.0602160e+00
   1.1217360e+00
   1.2468014e+00
   1.3151843e+00
   1.3536500e+00
   1.2030604e+00
   9.5351900e-01
   6.8875601e-01
   4.6174978e-01
   3.1812503e-01
   2.5840448e-01
   4.8624170e-01
   8.9133931e-01
   9.8897124e-01
   8.8348831e-01
   7.3073729e-01
   7.1793088e-01
   9.8970486e-01
   1.0430335e+00
   1.1197194e+00
   1.2575007e+00
   1.3041866e+00
   1.3144555e+00
   1.1059439e+00
   9.3075601e-01
   6.6452851e-01
   4.5163336e-01
   3.1421292e-01
   3.3619579e-01
   6.0611050e-01
   9.5856165e-01
   1.0112379e+00
   8.8929025e-01
   7.6332451e-01
   8.3779507e-01
   1.0646506e+00
   1.0170756e+00
   1.0866445e+00
   1.2412855e+00
   1.3286649e+00
   1.2057426e+00
   1.0320577e+00
   9.4955299e-01
   7.0151715e-01
   4.6931989e-01
   3.4256165e-01
   4.8651016e-01
   7.2217842e-01
   1.0207049e+00
   1.0691133e+00
   9.3426077e-01
   8.7420257e-01
   1.0255813e+00
   1.1323520e+00
   9.4569812e-01
   9.6654881e-01
   1.1470285e+00
   1.1665298e+00
   8.9433411e-01
   8.9200403e-01
   1.0523586e+00
   9.1075122e-01
   6.6742163e-01
   7.7608367e-01
   1.0620431e+00
   1.0432442e+00
   1.0177572e+00
   1.1863838e+00
   1.2495752e+00
   1.1983997e+00
   9.6509875e-01
   9.8262572e-01
   7.9003683e-01
   5.7052358e-01
   4.1787648e-01
   5.9228719e-01
   8.2786521e-01
   1.0418203e+00
   1.1560128e+00
   1.0625494e+00
   1.0150652e+00
   1.1820640e+00
   1.1915213e+00
   8.9443136e-01
   7.4635503e-01
   8.3237399e-01
   7.3500399e-01
   5.3704883e-01
   6.9219053e-01
   1.0228574e+00
   1.2090511e+00
   1.3107007e+00
   1.2697581e+00
   1.2128908e+00
   1.2333721e+00
   9.1319016e-01
   5.9896211e-01
   4.0661549e-01
   3.5643892e-01
   3.0425443e-01
   5.0682491e-01
   8.8764619e-01
   9.2092648e-01
   8.4042480e-01
   7.5693411e-01
   7.4902437e-01
   1.0179194e+00
   1.1289166e+00
   1.2398495e+00
   1.3296540e+00
   1.3620327e+00
   1.3208929e+00
   1.0232365e+00
   7.2722550e-01
   4.8280995e-01
   3.2291214e-01
   2.3008036e-01
   3.4001314e-01
   7.8523410e-01
   9.5509115e-01
   8.7455600e-01
   7.2010772e-01
   6.2772540e-01
   8.5972129e-01
   1.0521224e+00
   1.1498651e+00
   1.2738763e+00
   1.2801065e+00
   1.3182324e+00
   1.1836118e+00
   9.3011664e-01
   6.4259799e-01
   4.3990997e-01
   3.2568518e-01
   2.7936748e-01
   5.2215180e-01
   9.0807949e-01
   9.6760067e-01
   8.6863446e-01
   7.3589780e-01
   7.4581340e-01
   1.0152163e+00
   1.0717612e+00
   1.1634278e+00
   1.2835444e+00
   1.3289222e+00
   1.3023248e+00
   1.0622580e+00
   8.4223931e-01
   5.8531135e-01
   3.9582180e-01
   2.7889336e-01
   3.5225265e-01
   7.2103576e-01
   9.9839470e-01
   9.7533173e-01
   8.2855537e-01
   7.1932162e-01
   8.7637625e-01
   1.0484222e+00
   1.0213233e+00
   1.1536677e+00
   1.2724913e+00
   1.3380226e+00
   1.1730581e+00
   1.0472667e+00
   8.8196319e-01
   6.1267921e-01
   4.1152152e-01
   3.2804549e-01
   4.7311914e-01
   7.5134083e-01
   1.0278629e+00
   1.0109038e+00
   8.6918730e-01
   8.3340146e-01
   9.9948128e-01
   1.0873758e+00
   9.8068645e-01
   1.0899062e+00
   1.2449546e+00
   1.2637122e+00
   9.9611827e-01
   9.6406431e-01
   9.3775753e-01
   6.8997228e-01
   4.7074940e-01
   5.2438541e-01
   8.1557827e-01
   9.4844621e-01
   1.1476515e+00
   1.1326179e+00
   1.0364717e+00
   1.1678164e+00
   1.2458213e+00
   1.0267949e+00
   7.5845956e-01
   7.4460412e-01
   6.9758153e-01
   5.1146491e-01
   4.9577003e-01
   8.7408127e-01
   1.1118637e+00
   1.2462766e+00
   1.2150704e+00
   1.0908117e+00
   1.1874647e+00
   1.0694918e+00
   7.4671668e-01
   5.2329911e-01
   5.0650064e-01
   5.2022388e-01
   4.8554952e-01
   8.3471121e-01
   1.0018334e+00
   9.9628321e-01
   1.0260245e+00
   9.9700971e-01
   1.1177823e+00
   1.1347937e+00
   1.0747171e+00
   1.0178082e+00
   9.8661209e-01
   9.1828712e-01
   7.0803795e-01
   6.7059786e-01
   7.3328839e-01
   8.6739178e-01
   9.7645518e-01
   1.1704954e+00
   1.2401213e+00
   1.2922090e+00
   1.3538583e+00
   1.3163414e+00
   1.0204923e+00
   6.9830982e-01
   4.8182324e-01
   3.3062331e-01
   2.4104520e-01
   3.3164272e-01
   7.8718353e-01
   9.4509046e-01
   8.7451255e-01
   7.2854013e-01
   6.3214586e-01
   8.6382846e-01
   1.0641769e+00
   1.1632307e+00
   1.2822497e+00
   1.2908947e+00
   1.3252106e+00
   1.1760691e+00
   9.0368577e-01
   6.1985451e-01
   4.2201549e-01
   3.1111704e-01
   2.7193071e-01
   5.4960469e-01
   9.1923224e-01
   9.5640299e-01
   8.4783578e-01
   7.1422990e-01
   7.4277427e-01
   1.0180294e+00
   1.0779498e+00
   1.1859434e+00
   1.2930731e+00
   1.3254931e+00
   1.2935534e+00
   1.0555512e+00
   8.1539762e-01
   5.5707854e-01
   3.7997039e-01
   2.7232973e-01
   3.5614201e-01
   7.4205086e-01
   9.9237519e-01
   9.5279141e-01
   8.0657058e-01
   7.0640933e-01
   8.8070536e-01
   1.0481775e+00
   1.0513956e+00
   1.1910912e+00
   1.2866860e+00
   1.3431533e+00
   1.1745636e+00
   1.0206821e+00
   8.0915424e-01
   5.5315464e-01
   3.7495704e-01
   3.0705467e-01
   4.7740261e-01
   8.2567968e-01
   1.0344940e+00
   9.7319614e-01
   8.2389100e-01
   7.9815088e-01
   1.0094882e+00
   1.0470634e+00
   9.9827296e-01
   1.1489171e+00
   1.2813745e+00
   1.2862602e+00
   1.0420599e+00
   1.0146936e+00
   8.8347724e-01
   6.1419657e-01
   4.1245468e-01
   4.5546891e-01
   6.7241196e-01
   8.7521780e-01
   1.0968494e+00
   1.0471170e+00
   9.3893024e-01
   1.0367655e+00
   1.2042703e+00
   1.0756060e+00
   8.8872729e-01
   9.7646416e-01
   1.0255533e+00
   7.9882838e-01
   6.2866402e-01
   8.6683387e-01
   1.0501423e+00
   9.8101455e-01
   1.0996353e+00
   1.1983277e+00
   1.2778035e+00
   1.1629399e+00
   1.0555699e+00
   9.9154613e-01
   7.2769464e-01
   5.2121430e-01
   4.0537804e-01
   5.2938613e-01
   6.6354578e-01
   9.7590475e-01
   1.0811232e+00
   9.9095292e-01
   9.6033996e-01
   1.0627869e+00
   1.1877638e+00
   1.0014451e+00
   9.3106837e-01
   1.0320916e+00
   9.9857752e-01
   7.6080868e-01
   7.0973100e-01
   9.3825272e-01
   9.8848352e-01
   9.3482559e-01
   1.1096179e+00
   1.2201990e+00
   1.2929939e+00
   1.1808044e+00
   1.1845255e+00
   1.0695558e+00
   7.6186134e-01
   5.1449902e-01
   4.0661854e-01
   4.0187353e-01
   4.2797571e-01
   8.0136859e-01
   9.9020830e-01
   9.3996947e-01
   8.8148068e-01
   8.4531891e-01
   1.0049892e+00
   1.0962808e+00
   1.1040286e+00
   1.2009514e+00
   1.2949896e+00
   1.2916369e+00
   1.0137724e+00
   8.4762134e-01
   6.6734512e-01
   4.7400529e-01
   3.3255583e-01
   4.2107326e-01
   8.0497370e-01
   1.0750315e+00
   1.0919089e+00
   9.5073476e-01
   8.3347906e-01
   1.0083656e+00
   1.0343109e+00
   8.3898837e-01
   8.7267954e-01
   1.0995424e+00
   1.1835902e+00
   9.8286204e-01
   1.1038248e+00
   1.2524107e+00
   1.1364389e+00
   8.0465189e-01
   7.8138220e-01
   8.3158838e-01
   6.1769569e-01
   4.7175176e-01
   7.6667095e-01
   1.0610579e+00
   1.2260050e+00
   1.2897879e+00
   1.1746253e+00
   1.1747226e+00
   1.1640194e+00
   8.3763976e-01
   5.5323182e-01
   4.2685851e-01
   4.4483499e-01
   3.8949454e-01
   6.6862661e-01
   9.5157343e-01
   9.4359726e-01
   9.1318367e-01
   8.7135026e-01
   9.2810026e-01
   1.1138968e+00
   1.1333093e+00
   1.1968897e+00
   1.2638258e+00
   1.3150971e+00
   1.0826180e+00
   8.3646780e-01
   6.4516021e-01
   4.7762490e-01
   3.4194293e-01
   3.4145001e-01
   7.2392175e-01
   1.0211168e+00
   1.0555051e+00
   9.3983545e-01
   8.0103173e-01
   9.1638625e-01
   1.0576235e+00
   9.2782560e-01
   9.5962047e-01
   1.1542715e+00
   1.2731977e+00
   1.0936315e+00
   1.0745845e+00
   1.1624725e+00
   9.7580829e-01
   6.6229247e-01
   5.3106426e-01
   6.4089087e-01
   5.8239416e-01
   6.2312110e-01
   9.5764686e-01
   1.0299173e+00
   1.0989340e+00
   1.1576970e+00
   1.1495085e+00
   1.2373459e+00
   1.1063204e+00
   9.5073323e-01
   7.4112169e-01
   6.1326997e-01
   4.8322488e-01
   4.5099692e-01
   6.4982958e-01
   9.8453901e-01
   1.1271049e+00
   1.1102074e+00
   1.0124118e+00
   1.0412948e+00
   1.1700434e+00
   9.5472945e-01
   7.5635789e-01
   7.6873053e-01
   8.5409812e-01
   7.0479970e-01
   7.2610660e-01
   1.0288055e+00
   1.2027395e+00
   1.3059877e+00
   1.3585175e+00
   1.3434696e+00
   1.3020610e+00
   9.5085486e-01
   6.2224981e-01
   4.0359846e-01
   2.8013173e-01
   2.1255930e-01
   3.9278117e-01
   8.2868833e-01
   8.9966214e-01
   7.9052613e-01
   6.4888351e-01
   5.9725077e-01
   8.9358054e-01
   1.0982704e+00
   1.2395313e+00
   1.2986762e+00
   1.2510102e+00
   1.2992095e+00
   1.1233436e+00
   7.9550689e-01
   5.2540064e-01
   3.8182104e-01
   3.0766850e-01
   3.0088438e-01
   6.7896929e-01
   9.3543215e-01
   9.0673759e-01
   8.0588775e-01
   7.0049163e-01
   8.1418317e-01
   1.0594473e+00
   1.1435019e+00
   1.2618798e+00
   1.3278261e+00
   1.3563969e+00
   1.2307958e+00
   9.4630244e-01
   6.6556654e-01
   4.4224198e-01
   3.0456472e-01
   2.3976483e-01
   4.6296097e-01
   8.7771330e-01
   9.6310340e-01
   8.5435813e-01
   7.0223201e-01
   6.7871798e-01
   9.6335994e-01
   1.0626174e+00
   1.1670257e+00
   1.2806598e+00
   1.2931759e+00
   1.3224483e+00
   1.1145272e+00
   8.7445886e-01
   6.0046498e-01
   4.1412660e-01
   2.9775586e-01
   3.1060762e-01
   6.3442263e-01
   9.5890338e-01
   9.6729352e-01
   8.4373565e-01
   7.1990734e-01
   8.1069169e-01
   1.0482401e+00
   1.0588274e+00
   1.1709832e+00
   1.2847307e+00
   1.3395972e+00
   1.2331580e+00
   1.0290963e+00
   8.2818935e-01
   5.7230749e-01
   3.8718130e-01
   2.8749476e-01
   4.2590274e-01
   7.8669446e-01
   1.0264237e+00
   9.8193056e-01
   8.2867942e-01
   7.6095346e-01
   9.5849844e-01
   1.0471285e+00
   9.9369543e-01
   1.1365075e+00
   1.2703904e+00
   1.3195882e+00
   1.0961089e+00
   1.0435346e+00
   9.1760083e-01
   6.4185334e-01
   4.2650556e-01
   3.9695245e-01
   5.7232665e-01
   7.6913244e-01
   1.0450227e+00
   1.0379867e+00
   9.1599622e-01
   9.4786315e-01
   1.1066717e+00
   1.1325610e+00
   9.6207283e-01
   1.0320043e+00
   1.1475456e+00
   1.0305667e+00
   7.6170462e-01
   8.2047101e-01
   9.3420841e-01
   7.8210844e-01
   6.9627007e-01
   9.7556619e-01
   1.1785695e+00
   1.2383589e+00
   1.3008119e+00
   1.3328065e+00
   1.3400126e+00
   1.0271045e+00
   6.9159057e-01
   4.8017372e-01
   3.3121446e-01
   2.3988401e-01
   3.1911559e-01
   7.7782940e-01
   9.3799027e-01
   8.6880171e-01
   7.2719283e-01
   6.2472538e-01
   8.5144503e-01
   1.0656162e+00
   1.1719480e+00
   1.2874706e+00
   1.2907840e+00
   1.3207775e+00
   1.1812830e+00
   8.9746035e-01
   6.1078305e-01
   4.1566769e-01
   3.0967428e-01
   2.6864456e-01
   5.4922840e-01
   9.1609845e-01
   9.4782451e-01
   8.3982460e-01
   7.0834466e-01
   7.3653377e-01
   1.0155091e+00
   1.0872104e+00
   1.2000214e+00
   1.2994651e+00
   1.3249252e+00
   1.2965635e+00
   1.0512901e+00
   7.9542574e-01
   5.3891630e-01
   3.6892492e-01
   2.6599874e-01
   3.5240885e-01
   7.5329334e-01
   9.8529471e-01
   9.3609252e-01
   7.9017880e-01
   6.9226079e-01
   8.7748323e-01
   1.0480619e+00
   1.0743369e+00
   1.2154924e+00
   1.2928152e+00
   1.3434224e+00
   1.1793669e+00
   1.0013239e+00
   7.6252104e-01
   5.1746919e-01
   3.5477804e-01
   2.9370735e-01
   4.7962086e-01
   8.5897400e-01
   1.0231924e+00
   9.4301296e-01
   7.9336748e-01
   7.7349178e-01
   1.0075657e+00
   1.0369570e+00
   1.0353328e+00
   1.1931301e+00
   1.2996715e+00
   1.3001413e+00
   1.0715258e+00
   1.0034854e+00
   8.0519229e-01
   5.4816143e-01
   3.6915380e-01
   4.0315327e-01
   6.1674736e-01
   9.1021836e-01
   1.0782154e+00
   9.8994089e-01
   8.6873888e-01
   9.4420589e-01
   1.1387088e+00
   1.0213291e+00
   9.3435196e-01
   1.0931401e+00
   1.2057711e+00
   1.0192296e+00
   8.4123294e-01
   9.9418672e-01
   9.7349267e-01
   7.1988245e-01
   6.3369172e-01
   9.4613244e-01
   1.0895940e+00
   1.0236650e+00
